         
         0         0         
         2         0         
         4         0         
         6         0         
         8         0.0301017 
         10        0.0358239 
         12        0.0377665 
         14        0.0357909 
         16        0.0167538 
         18        -0.0272439
         20        -0.109748 
         22        -0.229813  
         24        -0.384661 
         26        -0.556583 
         28        -0.695369 
         30        -0.785221 
         32        -0.815269 
         34        -0.829323 
         36        -0.687622 
         38        -0.366953 
         40        0.124073  
         42        0.729113  
         44        1.34556   
         46        1.92608   
         48        2.3567    
         50        2.51551   
         52        2.55658   
         54        2.37535   
         56        1.91666   
         58        1.31234   
         60        0.648053  
         62        0.011749  
         64        -0.52202  
         66        -0.903566 
         68        -1.18526  
         70        -1.21687  
         72        -1.18767  
         74        -1.00122  
         76        -0.687064 
         78        -0.468549 
         80        -0.275822 
         82        -0.124956 
         84        -0.0205621
         86        0.0412633 
         88        0.0817934 
         90        0.0891707 
         92        0.0854689 
         94        0.0689815 
         96        0.0359873 
         98        0         
         100       0.0105226 
         102       0.0220274 
         104       0.0387669 
         106       0.0605583 
         108       0.0855816 
         110       0.108727  
         112       0.118068  
         114       0.106958  
         116       0.071306  
         118       0.00861832
         120       -0.0778147
         122       -0.233136 
         124       -0.425134 
         126       -0.635031 
         128       -0.834553 
         130       -0.98932  
         132       -1.06458  
         134       -0.981664 
         136       -0.83203  
         138       -0.536032 
         140       -0.144402 
         142       0.172765  
         144       0.586362  
         146       0.944555  
         148       1.20226   
         150       1.32201   
         152       1.3111    
         154       1.13047   
         156       0.909833  
         158       0.67475   
         160       0.386488  
         162       0.126467  
         164       0         
         166       -0.0704526
         168       -0.0709424
         170       -0.0113581
         172       0         
         174       0.0766842 
         176       0.145148  
         178       0.183084  
         180       0.173466  
         182       0.109526  
         184       0         
         186       -0.0879613
         188       -0.272845 
         190       -0.4319   
         192       -0.541804 
         194       -0.60601  
         196       -0.607796 
         198       -0.538888 
         200       -0.404401 
         202       -0.260269 
         204       -0.146763 
         206       -0.023085 
         208       0.015577  
         210       0.0699579 
         212       0.10638   
         214       0.118104  
         216       0.106718  
         218       0.0828957 
         220       0.058434  
         222       0.0370121 
         224       0.0204013 
         226       0.00889701
         228       0.00290108
         230       0         
         232       0         
         234       0         
         236       0         
         238       0         
         240       0         
         242       0         
         244       0         
         246       0         
         248       0         
         250       0         
         252       0         
         254       0         
         256       0         
         258       0         
         260       0         
         262       0         
         264       0         
         266       0         
         268       0         
         270       0         
         272       0         
         274       0         
         276       0         
         278       0         
         280       0         
         282       0         
         284       0         
         286       0         
         288       0         
         290       0         
         292       0         
         294       0         
         296       0         
         298       0         
         300       0         
         302       0         
         304       0         
         306       0         
         308       0         
         310       0         
         312       0         
         314       0         
         316       0         
         318       0         
         320       0         
         322       0         
         324       0         
         326       0         
         328       0         
         330       0         
         332       0         
         334       0         
         336       0         
         338       0         
         340       0         
         342       0         
         344       0         
         346       0         
         348       0         
         350       0         
         352       0         
         354       0         
         356       0         
         358       0         
         360       0         
         362       0         
         364       0         
         366       0         
         368       0         
         370       0         
         372       0         
         374       0         
         376       0         
         378       0         
         380       0         
         382       0         
         384       0         
         386       0         
         388       0         
         390       0         
         392       0         
         394       0         
         396       0         
         398       0         
         400       0         
         402       0         
         404       0         
         406       0         
         408       0         
         410       0         
         412       0         
         414       0         
         416       0         
         418       0         
         420       0         
         422       0         
         424       0         
         426       0         
         428       0         
         430       0         
         432       0         
         434       0         
         436       0         
         438       0         
         440       0         
         442       0         
         444       0         
         446       0         
         448       0         
         450       0         
         452       0         
         454       0         
         456       0         
         458       0         
         460       0         
         462       0         
         464       0         
         466       0         
         468       0         
         470       0         
         472       0         
         474       0         
         476       0         
         478       0         
         480       0         
         482       0         
         484       0         
         486       0         
         488       0         
         490       0         
         492       0         
         494       0         
         496       0         
         498       -0.0049391
         500       0         
         502       0         
         504       0.0191527 
         506       0.0430924 
         508       0.0739889 
         510       0.111866  
         512       0.15261   
         514       0.186963  
         516       0.205695  
         518       0.197041  
         520       0.149594  
         522       0.044877  
         524       0         
         526       -0.136418 
         528       -0.342547 
         530       -0.550443 
         532       -0.731279 
         534       -0.857391 
         536       -0.907728 
         538       -0.872285 
         540       -0.702634 
         542       -0.421105 
         544       -0.129201 
         546       0         
         548       0.0999704 
         550       0.268837  
         552       0.379678  
         554       0.42922   
         556       0.423774  
         558       0.376433  
         560       0.274292  
         562       0.175428  
         564       0.0925297 
         566       0.0308289 
         568       0         
         570       -0.00628995
         572       -0.0238177
         574       -0.0301107
         576       -0.0270863
         578       -0.0213048
         580       -0.0151107
         582       0         
         584       0         
         586       0         
         588       0         
         590       0         
         592       0         
         594       0         
         596       0         
         598       0         
         600       0         
         602       0         
         604       0         
         606       0         
         608       0         
         610       0         
         612       0         
         614       0         
         616       0         
         618       0         
         620       0         
         622       0         
         624       0         
         626       0         
         628       0         
         630       0         
         632       0         
         634       0         
         636       0         
         638       0         
         640       0         
         642       0         
         644       0         
         646       0         
         648       0         
         650       0         
         652       0         
         654       0         
         656       0         
         658       0         
         660       0         
         662       0         
         664       0         
         666       0         
         668       0         
         670       0         
         672       0         
         674       0         
         676       0         
         678       0         
         680       0         
         682       0         
         684       0         
         686       0         
         688       0         
         690       0         
         692       0         
         694       0         
         696       0         
         698       0         
         700       0         
         702       0         
         704       0         
         706       0         
         708       0         
         710       0         
         712       0         
         714       0         
         716       0         
         718       0         
         720       0         
         722       0         
         724       0         
         726       0         
         728       0         
         730       -0.00428415
         732       0         
         734       0         
         736       0         
         738       0         
         740       0         
         742       0         
         744       0         
         746       0         
         748       0.0680914 
         750       0.0931728 
         752       0.0910976 
         754       0.0187037 
         756       0         
         758       -0.0115877
         760       -0.0645499
         762       -0.166754 
         764       -0.264692 
         766       -0.368657 
         768       -0.464898 
         770       -0.53169  
         772       -0.544557 
         774       -0.399642 
         776       -0.311974 
         778       -0.0755407
         780       0.193779  
         782       0.498939  
         784       0.741924  
         786       1.07572   
         788       1.35407   
         790       1.53023   
         792       1.57609   
         794       1.45517   
         796       1.08969   
         798       0.63085   
         800       0.202535  
         802       -0.051886 
         804       -0.423893 
         806       -0.708525 
         808       -0.862622 
         810       -0.873057 
         812       -0.768858 
         814       -0.610567 
         816       -0.436806 
         818       -0.27393  
         820       -0.13913  
         822       -0.0472411
         824       0         
         826       0.0438897 
         828       0.0582024 
         830       0.0580439 
         832       0.0496619 
         834       0.0370553 
         836       0.0246866 
         838       0         
         840       0         
         842       0         
         844       0         
         846       0         
         848       0         
         850       0         
         852       0         
         854       0         
         856       0         
         858       0         
         860       0         
         862       0         
         864       0         
         866       0         
         868       0         
         870       0         
         872       0         
         874       0         
         876       0         
         878       0         
         880       0         
         882       0         
         884       0         
         886       0         
         888       0         
         890       0         
         892       0         
         894       0         
         896       0         
         898       0         
         900       0         
         902       0         
         904       0         
         906       0         
         908       0         
         910       0         
         912       0         
         914       0         
         916       0         
         918       0         
         920       0         
         922       0         
         924       0         
         926       0         
         928       0         
         930       0         
         932       0         
         934       0         
         936       0         
         938       0         
         940       0         
         942       0         
         944       0         
         946       0         
         948       0         
         950       0         
         952       0         
         954       0         
         956       0         
         958       0         
         960       0         
         962       0         
         964       0         
         966       0         
         968       0         
         970       0         
         972       0         
         974       0         
         976       0         
         978       0         
         980       0         
         982       0         
         984       0         
         986       0         
         988       0         
         990       0         
         992       0         
         994       0         
         996       0         
         998       0         
         1000      0         
         1002      0         
         1004      0         
         1006      0.000445204
         1008      0.0125054 
         1010      0.0343308 
         1012      0.0671298 
         1014      0.11105   
         1016      0.163411  
         1018      0.217685  
         1020      0.263015  
         1022      0.284705  
         1024      0         
         1026      0         
         1028      0         
         1030      -0.159735 
         1032      -0.425604 
         1034      -0.722648 
         1036      -1.01361  
         1038      -1.25437  
         1040      -1.23087  
         1042      -0.756037 
         1044      -0.343424 
         1046      -0.0268508
         1048      0         
         1050      0         
         1052      0.246488  
         1054      0.29414   
         1056      0.245578  
         1058      0.185186  
         1060      0.12567   
         1062      0.0763367 
         1064      0.04022   
         1066      0.0165821 
         1068      0         
         1070      0         
         1072      0         
         1074      0         
         1076      0         
         1078      0         
         1080      0         
         1082      0         
         1084      0         
         1086      0         
         1088      0         
         1090      0         
         1092      0         
         1094      0         
         1096      0         
         1098      0         
         1100      0         
         1102      0         
         1104      0         
         1106      0         
         1108      0         
         1110      0         
         1112      0         
         1114      0         
         1116      0         
         1118      0         
         1120      0         
         1122      0         
         1124      0         
         1126      0         
         1128      0         
         1130      0         
         1132      0         
         1134      0         
         1136      0         
         1138      0         
         1140      0         
         1142      0         
         1144      0         
         1146      0         
         1148      0         
         1150      0         
         1152      0         
         1154      0         
         1156      0         
         1158      0         
         1160      0         
         1162      0         
         1164      0         
         1166      0         
         1168      0         
         1170      0         
         1172      0         
         1174      0         
         1176      0         
         1178      0         
         1180      0         
         1182      0         
         1184      0         
         1186      0         
         1188      0         
         1190      0         
         1192      0         
         1194      0         
         1196      0         
         1198      0         
         1200      0         
         1202      0         
         1204      0         
         1206      0         
         1208      0         
         1210      0         
         1212      0         
         1214      0         
         1216      0         
         1218      0         
         1220      0         
         1222      0         
         1224      0         
         1226      0         
         1228      0         
         1230      0         
         1232      0         
         1234      0         
         1236      0         
         1238      0         
         1240      0         
         1242      0         
         1244      0         
         1246      0         
         1248      0         
         1250      0         
         1252      0         
         1254      0         
         1256      0         
         1258      0         
         1260      0         
         1262      0         
         1264      0         
         1266      0         
         1268      0         
         1270      0         
         1272      0         
         1274      0         
         1276      0         
         1278      0         
         1280      0         
         1282      0         
         1284      0         
         1286      0         
         1288      0         
         1290      0         
         1292      0         
         1294      0         
         1296      0         
         1298      0         
         1300      0         
         1302      0         
         1304      0         
         1306      0         
         1308      0         
         1310      0         
         1312      0         
         1314      0         
         1316      0         
         1318      0         
         1320      0         
         1322      0         
         1324      0         
         1326      0         
         1328      0         
         1330      0         
         1332      0         
         1334      0         
         1336      0         
         1338      0         
         1340      0         
         1342      0         
         1344      0         
         1346      0         
         1348      0         
         1350      0         
         1352      0         
         1354      0         
         1356      0         
         1358      0         
         1360      0         
         1362      0         
         1364      0.0182142 
         1366      0.0377669 
         1368      0.065865  
         1370      0.0947359 
         1372      0.12997   
         1374      0.156225  
         1376      0.181316  
         1378      0.165542  
         1380      0.1337    
         1382      0.0141907 
         1384      -0.178192 
         1386      -0.442031 
         1388      -0.730239 
         1390      -1.08411  
         1392      -1.33173  
         1394      -1.52471  
         1396      -1.55037  
         1398      -1.57152  
         1400      -1.34356  
         1402      -0.859571 
         1404      -0.232855 
         1406      0.463154  
         1408      1.13966   
         1410      1.70848   
         1412      2.05512   
         1414      2.16762   
         1416      2.13935   
         1418      1.94134   
         1420      1.55944   
         1422      1.09086   
         1424      0.619573  
         1426      0.203292  
         1428      -0.119803 
         1430      -0.333569 
         1432      -0.416088 
         1434      -0.468835 
         1436      -0.418509 
         1438      -0.344244 
         1440      -0.255531 
         1442      -0.171476 
         1444      -0.101909 
         1446      -0.0505914
         1448      -0.0169103
         1450      0         
         1452      0.00924715
         1454      0         
         1456      0         
         1458      0         
         1460      0         
         1462      0         
         1464      0         
         1466      0         
         1468      0         
         1470      0         
         1472      0         
         1474      0         
         1476      0         
         1478      0         
         1480      0         
         1482      0         
         1484      0         
         1486      0         
         1488      0         
         1490      0         
         1492      0         
         1494      0         
         1496      0         
         1498      0         
         1500      0         
         1502      0         
         1504      0         
         1506      0         
         1508      0         
         1510      0.0356918 
         1512      0.0674088 
         1514      0.111272  
         1516      0.16432   
         1518      0.212645  
         1520      0.239744  
         1522      0.228843  
         1524      0.156079  
         1526      0.0426437 
         1528      -0.0684449
         1530      -0.393105 
         1532      -0.822565 
         1534      -1.32783  
         1536      -1.84869  
         1538      -2.30533  
         1540      -2.52846  
         1542      -2.40997  
         1544      -1.97941  
         1546      -1.24355  
         1548      -0.517542 
         1550      0.0990675 
         1552      1.13414   
         1554      2.17622   
         1556      3.01957   
         1558      3.55358   
         1560      3.72256   
         1562      3.47835   
         1564      2.7966    
         1566      1.96388   
         1568      1.23775   
         1570      0.51741   
         1572      0         
         1574      -0.391048 
         1576      -0.686221 
         1578      -0.810874 
         1580      -0.812212 
         1582      -0.712666 
         1584      -0.553649 
         1586      -0.394375 
         1588      -0.250278 
         1590      -0.13704  
         1592      -0.0576499
         1594      -0.00126849
         1596      0.0139967 
         1598      0.0261154 
         1600      0         
         1602      0         
         1604      0         
         1606      0         
         1608      0         
         1610      0         
         1612      0         
         1614      0         
         1616      0         
         1618      0         
         1620      0         
         1622      0         
         1624      0         
         1626      0         
         1628      0         
         1630      0.0208214 
         1632      0.0704787 
         1634      0.149242  
         1636      0.260155  
         1638      0.399647  
         1640      0.552873  
         1642      0.650032  
         1644      0.684266  
         1646      0.683555  
         1648      0.610505  
         1650      0.280952  
         1652      -0.278629 
         1654      -1.03514  
         1656      -1.931    
         1658      -2.86618  
         1660      -3.70859  
         1662      -4.31446  
         1664      -4.25263  
         1666      -4.2683   
         1668      -3.63998  
         1670      -2.53564  
         1672      -1.14368  
         1674      0.357134  
         1676      1.76874   
         1678      2.90948   
         1680      3.64589   
         1682      3.8646    
         1684      3.7246    
         1686      3.15727   
         1688      2.33828   
         1690      1.41587   
         1692      0.533873  
         1694      -0.189831 
         1696      -0.521023 
         1698      -0.639511 
         1700      -0.403477 
         1702      -0.439957 
         1704      -0.21829  
         1706      0.229923  
         1708      0.657256  
         1710      0.997667  
         1712      1.20668   
         1714      1.18941   
         1716      0.924899  
         1718      0.55538   
         1720      0.183355  
         1722      0         
         1724      0         
         1726      -0.115989 
         1728      -0.326361 
         1730      -0.398821 
         1732      -0.39248  
         1734      -0.33084  
         1736      -0.258459 
         1738      -0.174592 
         1740      -0.0923704
         1742      -0.0389638
         1744      -0.00441143
         1746      0         
         1748      0.00273739
         1750      0.0138243 
         1752      0.0149092 
         1754      0         
         1756      0         
         1758      0         
         1760      0         
         1762      0         
         1764      0         
         1766      0         
         1768      0         
         1770      0         
         1772      0         
         1774      0         
         1776      0         
         1778      0         
         1780      0         
         1782      0         
         1784      0         
         1786      0         
         1788      0         
         1790      0         
         1792      0         
         1794      0         
         1796      0         
         1798      0         
         1800      0         
         1802      0         
         1804      0         
         1806      0         
         1808      0         
         1810      0         
         1812      0         
         1814      0         
         1816      0         
         1818      0         
         1820      0         
         1822      0         
         1824      0         
         1826      0         
         1828      0         
         1830      0         
         1832      0         
         1834      0         
         1836      0         
         1838      0         
         1840      0         
         1842      0         
         1844      -0.0358488
         1846      -0.0393671
         1848      -0.0371652
         1850      -0.0146624
         1852      0.0254225 
         1854      0.10629   
         1856      0.23362   
         1858      0.389735  
         1860      0.566496  
         1862      0.74338   
         1864      0.885444  
         1866      0.949477  
         1868      0.890769  
         1870      0.672732  
         1872      0.277618  
         1874      -0.127871 
         1876      -0.829544 
         1878      -1.66281  
         1880      -2.38951  
         1882      -2.92509  
         1884      -3.22064  
         1886      -3.21842  
         1888      -2.90553  
         1890      -2.31809  
         1892      -1.57916  
         1894      -0.985857 
         1896      -0.0507582
         1898      0.70332   
         1900      1.32355   
         1902      1.66052   
         1904      1.69742   
         1906      1.72215   
         1908      1.50322   
         1910      1.16833   
         1912      0.814202  
         1914      0.470907  
         1916      0.193855  
         1918      -0.00272798
         1920      -0.0970747
         1922      -0.226899 
         1924      -0.264107 
         1926      -0.251878 
         1928      -0.197479 
         1930      -0.103622 
         1932      0.0155935 
         1934      0.236764  
         1936      0.460132  
         1938      0.705753  
         1940      0.947594  
         1942      1.14091   
         1944      1.14962   
         1946      1.10723   
         1948      0.842256  
         1950      0.474183  
         1952      0.0470258 
         1954      -0.236853 
         1956      -0.708928 
         1958      -1.16632  
         1960      -1.21205  
         1962      -1.23284  
         1964      -1.13859  
         1966      -0.954087 
         1968      -0.75909  
         1970      -0.579994 
         1972      -0.461033 
         1974      -0.429028 
         1976      -0.511442 
         1978      -0.576889 
         1980      -0.738201 
         1982      -0.819711 
         1984      -0.769194 
         1986      -0.586793 
         1988      -0.0411657
         1990      0.865257  
         1992      2.09646   
         1994      3.55949   
         1996      5.0869    
         1998      6.39701   
         2000      7.34355   
         2002      7.71642   
         2004      7.22113   
         2006      5.87831   
         2008      3.78083   
         2010      1.15362   
         2012      -1.68     
         2014      -4.35489  
         2016      -6.53074  
         2018      -7.95374  
         2020      -8.48222  
         2022      -8.08787  
         2024      -7.15307  
         2026      -5.63978  
         2028      -3.91215  
         2030      -2.22282  
         2032      -0.768533 
         2034      0.331782  
         2036      1.03968   
         2038      1.38398   
         2040      1.43812   
         2042      1.29528   
         2044      1.03559   
         2046      0.76749   
         2048      0.509084  
         2050      0.299719  
         2052      0.14835   
         2054      0.0509077 
         2056      -0.00352778
         2058      0         
         2060      0         
         2062      0         
         2064      0         
         2066      0         
         2068      0         
         2070      0         
         2072      0         
         2074      0         
         2076      0         
         2078      0         
         2080      0         
         2082      0         
         2084      0         
         2086      0         
         2088      0         
         2090      0         
         2092      0.00423678
         2094      0.0344957 
         2096      0.0851704 
         2098      0.0729835 
         2100      0         
         2102      0         
         2104      0         
         2106      0         
         2108      0         
         2110      0         
         2112      0         
         2114      0         
         2116      -0.469679 
         2118      -1.07328  
         2120      -1.70553  
         2122      -2.06286  
         2124      -2.39636  
         2126      -2.60762  
         2128      -2.53259  
         2130      -2.14824  
         2132      -1.55237  
         2134      -0.816179 
         2136      -0.0179975
         2138      0.532388  
         2140      1.25317   
         2142      1.62711   
         2144      1.7924    
         2146      1.77792   
         2148      1.64041   
         2150      1.44795   
         2152      1.28011   
         2154      0.860374  
         2156      0.396655  
         2158      0.122372  
         2160      0         
         2162      0         
         2164      0         
         2166      0         
         2168      0         
         2170      -0.190818 
         2172      -0.144172 
         2174      -0.0906895
         2176      -0.0507835
         2178      -0.0236371
         2180      0         
         2182      0         
         2184      0         
         2186      0         
         2188      0         
         2190      0         
         2192      0         
         2194      0         
         2196      0         
         2198      0         
         2200      0         
         2202      0         
         2204      0         
         2206      0         
         2208      0         
         2210      0         
         2212      0         
         2214      0         
         2216      0         
         2218      0         
         2220      0         
         2222      0         
         2224      0         
         2226      0         
         2228      0         
         2230      0         
         2232      0         
         2234      0         
         2236      0         
         2238      0         
         2240      0         
         2242      0         
         2244      0         
         2246      0         
         2248      0         
         2250      0         
         2252      0         
         2254      0         
         2256      0         
         2258      0         
         2260      0         
         2262      0         
         2264      0         
         2266      0         
         2268      0         
         2270      0         
         2272      0         
         2274      0         
         2276      0         
         2278      0         
         2280      0         
         2282      0         
         2284      0         
         2286      0         
         2288      0         
         2290      0         
         2292      0         
         2294      0         
         2296      0         
         2298      0         
         2300      0         
         2302      0         
         2304      0         
         2306      0         
         2308      0         
         2310      0         
         2312      0         
         2314      0         
         2316      0         
         2318      0         
         2320      0         
         2322      0         
         2324      0         
         2326      0         
         2328      0         
         2330      0         
         2332      0         
         2334      0         
         2336      0         
         2338      0         
         2340      0         
         2342      0         
         2344      0         
         2346      0         
         2348      0         
         2350      0         
         2352      0         
         2354      0         
         2356      0         
         2358      0         
         2360      0         
         2362      0         
         2364      0         
         2366      0         
         2368      0         
         2370      0         
         2372      0         
         2374      0         
         2376      0         
         2378      0         
         2380      0         
         2382      0         
         2384      0         
         2386      0         
         2388      0         
         2390      0         
         2392      0         
         2394      0         
         2396      0         
         2398      0         
         2400      0         
         2402      0         
         2404      0         
         2406      0         
         2408      -0.0328693
         2410      -0.0505978
         2412      -0.0584209
         2414      -0.0513432
         2416      -0.053216 
         2418      -0.0394238
         2420      -0.0175269
         2422      0.0118261 
         2424      0.0487267 
         2426      0.0953328 
         2428      0.150191  
         2430      0.211966  
         2432      0.271324  
         2434      0.314419  
         2436      0.324148  
         2438      0.282813  
         2440      0.176006  
         2442      0         
         2444      -0.0444358
         2446      -0.484893 
         2448      -0.852434 
         2450      -1.13508  
         2452      -1.34569  
         2454      -1.44465  
         2456      -1.40643  
         2458      -1.22585  
         2460      -0.920431 
         2462      -0.528039 
         2464      -0.100174 
         2466      0         
         2468      0.366917  
         2470      0.702555  
         2472      0.902501  
         2474      0.989068  
         2476      0.890593  
         2478      0.733475  
         2480      0.535154  
         2482      0.34359   
         2484      0.176495  
         2486      0.0467144 
         2488      -0.0394147
         2490      -0.0873998
         2492      -0.104436 
         2494      -0.114324 
         2496      -0.105513 
         2498      -0.0790843
         2500      -0.0537915
         2502      -0.032875 
         2504      -0.0174828
         2506      0         
         2508      0         
         2510      0         
         2512      0         
         2514      0         
         2516      0         
         2518      0         
         2520      0         
         2522      0         
         2524      0         
         2526      0         
         2528      0         
         2530      0         
         2532      0         
         2534      0         
         2536      0         
         2538      0         
         2540      0         
         2542      0         
         2544      0         
         2546      0         
         2548      0         
         2550      0         
         2552      0         
         2554      0         
         2556      0         
         2558      0         
         2560      0         
         2562      0         
         2564      0         
         2566      0         
         2568      0         
         2570      0         
         2572      0         
         2574      0         
         2576      0         
         2578      0         
         2580      0         
         2582      0         
         2584      0         
         2586      0         
         2588      0         
         2590      0         
         2592      0         
         2594      0         
         2596      0         
         2598      0         
         2600      0         
         2602      0         
         2604      0         
         2606      0         
         2608      0         
         2610      0         
         2612      0         
         2614      0         
         2616      0         
         2618      0         
         2620      0         
         2622      0         
         2624      0         
         2626      0         
         2628      0         
         2630      0         
         2632      0         
         2634      0         
         2636      0.0403813 
         2638      0.0567588 
         2640      0.0718991 
         2642      0.0756686 
         2644      0         
         2646      0         
         2648      -0.0344412
         2650      -0.154175 
         2652      -0.324854 
         2654      -0.540318 
         2656      -0.781535 
         2658      -1.01551  
         2660      -0.878017 
         2662      -0.65979  
         2664      -0.353927 
         2666      -0.2225   
         2668      0.0174708 
         2670      0.319492  
         2672      0.70739   
         2674      1.10455   
         2676      1.44839   
         2678      1.55654   
         2680      1.75785   
         2682      1.81682   
         2684      1.79424   
         2686      1.59058   
         2688      1.03088   
         2690      0.19254   
         2692      -0.243651 
         2694      -0.850116 
         2696      -1.37386  
         2698      -1.72363  
         2700      -1.89982  
         2702      -1.91931  
         2704      -1.80688  
         2706      -1.58842  
         2708      -1.16631  
         2710      -0.638943 
         2712      -0.186678 
         2714      -0.0125495
         2716      0.283832  
         2718      0.63456   
         2720      0.775522  
         2722      0.865454  
         2724      0.907403  
         2726      0.668253  
         2728      0.496096  
         2730      0.516159  
         2732      0.464499  
         2734      0.280228  
         2736      0.0994804 
         2738      -0.0113006
         2740      -0.0779753
         2742      -0.0630488
         2744      -0.149582 
         2746      -0.13854  
         2748      -0.114445 
         2750      -0.0856521
         2752      -0.0581112
         2754      -0.0352439
         2756      -0.0183358
         2758      -0.00717657
         2760      0         
         2762      0         
         2764      0         
         2766      0         
         2768      0         
         2770      0         
         2772      0         
         2774      0         
         2776      0         
         2778      0         
         2780      0         
         2782      0         
         2784      0         
         2786      0         
         2788      0         
         2790      0         
         2792      0         
         2794      0         
         2796      0         
         2798      0         
         2800      0         
         2802      0         
         2804      0         
         2806      0         
         2808      0         
         2810      0         
         2812      0         
         2814      0         
         2816      0         
         2818      0         
         2820      0         
         2822      0         
         2824      0.0265335 
         2826      0.0502107 
         2828      0.0824997 
         2830      0.0624822 
         2832      0.0874117 
         2834      0.110709  
         2836      0.124739  
         2838      0.0726031 
         2840      0         
         2842      -0.0208129
         2844      -0.128042 
         2846      -0.31946  
         2848      -0.510299 
         2850      -0.68371  
         2852      -0.817568 
         2854      -0.825918 
         2856      -0.78391  
         2858      -0.602809 
         2860      -0.296205 
         2862      -0.00278518
         2864      0         
         2866      0.418622  
         2868      0.514808  
         2870      0.535938  
         2872      0.496412  
         2874      0.416278  
         2876      0.316602  
         2878      0.215692  
         2880      0.126771  
         2882      0.0572242 
         2884      0.00914814
         2886      0         
         2888      -0.0230809
         2890      -0.0222724
         2892      -0.0184065
         2894      -0.0135902
         2896      0         
         2898      0         
         2900      0         
         2902      0         
         2904      0         
         2906      0         
         2908      -0.00311218
         2910      0         
         2912      -0.00570696
         2914      -0.0279879
         2916      -0.0474103
         2918      -0.0709942
         2920      -0.0716088
         2922      -0.00394633
         2924      0         
         2926      0         
         2928      0         
         2930      0         
         2932      0         
         2934      0.0406778 
         2936      0.116849  
         2938      0.0909316 
         2940      0.0641645 
         2942      0.0405156 
         2944      0.0220083 
         2946      0.0117807 
         2948      0.0011552 
         2950      -0.00292097
         2952      -0.00437928
         2954      -0.0546514
         2956      -0.156086 
         2958      -0.20589  
         2960      -0.181618 
         2962      -0.145209 
         2964      -0.105204 
         2966      -0.0680271
         2968      -0.0375672
         2970      -0.0153488
         2972      0         
         2974      0.00554755
         2976      0.0221994 
         2978      0.0365879 
         2980      0.0517612 
         2982      0.0547266 
         2984      0.0722206 
         2986      0.0939549 
         2988      0.109585  
         2990      0.0788246 
         2992      0.0378788 
         2994      0         
         2996      -0.0774153
         2998      -0.184717 
         3000      -0.344668 
         3002      -0.376455 
         3004      -0.342571 
         3006      -0.282227 
         3008      -0.210881 
         3010      -0.141147 
         3012      -0.0815073
         3014      -0.0303374
         3016      0         
         3018      0.0117369 
         3020      0.0192416 
         3022      0.0201825 
         3024      0.0175013 
         3026      0.0133931 
         3028      0         
         3030      0         
         3032      0         
         3034      0         
         3036      0         
         3038      0         
         3040      0         
         3042      0         
         3044      0         
         3046      0         
         3048      0         
         3050      0         
         3052      0         
         3054      0         
         3056      0         
         3058      0         
         3060      0         
         3062      0         
         3064      0         
         3066      0.00639938
         3068      0.0173427 
         3070      0.0219119 
         3072      0.0382684 
         3074      0.0594378 
         3076      0.083568  
         3078      0.106571  
         3080      0.121779  
         3082      0.120165  
         3084      0.091366  
         3086      0.0156779 
         3088      -0.0595117
         3090      -0.180338 
         3092      -0.31255  
         3094      -0.453282 
         3096      -0.591303 
         3098      -0.707295 
         3100      -0.776659 
         3102      -0.774501 
         3104      -0.674287 
         3106      -0.487897 
         3108      -0.149657 
         3110      0.131507  
         3112      0.498665  
         3114      0.843404  
         3116      1.11923   
         3118      1.2893    
         3120      1.20925   
         3122      1.02746   
         3124      0.785926  
         3126      0.525961  
         3128      0.28334   
         3130      0.110466  
         3132      0         
         3134      -0.131717 
         3136      -0.185821 
         3138      -0.185943 
         3140      -0.201771 
         3142      -0.16324  
         3144      -0.119815 
         3146      -0.079569 
         3148      -0.0469208
         3150      -0.023289 
         3152      -0.0130247
         3154      -0.00128582
         3156      0         
         3158      7.90775e-05
         3160      0.00958198
         3162      0.010175  
         3164      0.0200588 
         3166      0.0335858 
         3168      0.0500925 
         3170      0.0676631 
         3172      0.082876  
         3174      0.0908438 
         3176      0.0772402 
         3178      0.0575528 
         3180      0         
         3182      -0.0161133
         3184      -0.0770952
         3186      -0.153723 
         3188      -0.240882 
         3190      -0.329585 
         3192      -0.461507 
         3194      -0.451939 
         3196      -0.436217 
         3198      -0.281304 
         3200      -0.116106 
         3202      0         
         3204      0.0614319 
         3206      0.181017  
         3208      0.273222  
         3210      0.294883  
         3212      0.378788  
         3214      0.442984  
         3216      0.415136  
         3218      0.345596  
         3220      0.295745  
         3222      0.165609  
         3224      0.00546311
         3226      -0.0139219
         3228      -0.0516935
         3230      -0.0690587
         3232      -0.0711745
         3234      -0.063365 
         3236      -0.0593983
         3238      -0.0521475
         3240      -0.040996 
         3242      -0.0441077
         3244      -0.0246276
         3246      -0.00239746
         3248      0         
         3250      0         
         3252      0         
         3254      0         
         3256      0         
         3258      0         
         3260      0         
         3262      0         
         3264      0         
         3266      0         
         3268      0         
         3270      0         
         3272      0         
         3274      0         
         3276      0         
         3278      0         
         3280      0         
         3282      0         
         3284      0         
         3286      0         
         3288      0         
         3290      0         
         3292      0         
         3294      0         
         3296      0         
         3298      0         
         3300      0         
         3302      0.00956591
         3304      0.0092775 
         3306      0.00626718
         3308      0         
         3310      0         
         3312      0         
         3314      0         
         3316      0         
         3318      0         
         3320      0         
         3322      0         
         3324      0         
         3326      0         
         3328      0         
         3330      0         
         3332      0         
         3334      0         
         3336      0         
         3338      0         
         3340      0         
         3342      0         
         3344      0         
         3346      0         
         3348      0         
         3350      0         
         3352      0         
         3354      0         
         3356      0         
         3358      0         
         3360      0         
         3362      0         
         3364      0         
         3366      0         
         3368      0.0318696 
         3370      0.0564861 
         3372      0.085625  
         3374      0.115903  
         3376      0.142184  
         3378      0.158073  
         3380      0.156921  
         3382      0.0967062 
         3384      0         
         3386      0         
         3388      -0.0700491
         3390      -0.182658 
         3392      -0.279596 
         3394      -0.358741 
         3396      -0.408124 
         3398      -0.416912 
         3400      -0.326594 
         3402      -0.208676 
         3404      -0.089001 
         3406      0         
         3408      0         
         3410      0.015061  
         3412      0.0580137 
         3414      0.0807245 
         3416      0.0864058 
         3418      0.0741267 
         3420      0.0515794 
         3422      0.0265945 
         3424      0.00799279
         3426      0         
         3428      0         
         3430      0         
         3432      0         
         3434      0         
         3436      0         
         3438      0         
         3440      0         
         3442      0         
         3444      0         
         3446      8.54302e-05
         3448      0.00299996
         3450      0.00798326
         3452      0         
         3454      0         
         3456      0         
         3458      0         
         3460      0         
         3462      0         
         3464      0         
         3466      0         
         3468      -0.00242018
         3470      -0.0390891
         3472      -0.0493222
         3474      -0.00329116
         3476      0         
         3478      0         
         3480      0         
         3482      0         
         3484      0         
         3486      0         
         3488      0         
         3490      0         
         3492      0.0207271 
         3494      0.00898421
         3496      0.00132944
         3498      0         
         3500      0         
         3502      0         
         3504      0         
         3506      0         
         3508      0         
         3510      0         
         3512      0         
         3514      0         
         3516      0         
         3518      0         
         3520      0         
         3522      0         
         3524      0         
         3526      0         
         3528      -0.00101097
         3530      0         
         3532      0         
         3534      0         
         3536      0         
         3538      0         
         3540      0         
         3542      0         
         3544      0         
         3546      0         
         3548      0         
         3550      0.00114212
         3552      9.18136e-05
         3554      0         
         3556      0         
         3558      0         
         3560      0         
         3562      0         
         3564      0         
         3566      0         
         3568      0         
         3570      0         
         3572      0         
         3574      0         
         3576      0         
         3578      0         
         3580      0         
         3582      0         
         3584      0         
         3586      0         
         3588      0         
         3590      0         
         3592      0         
         3594      0         
         3596      0         
         3598      0         
         3600      0         
         3602      0         
         3604      0         
         3606      0         
         3608      0         
         3610      0         
         3612      0         
         3614      0         
         3616      0         
         3618      0         
         3620      0         
         3622      0         
         3624      0         
         3626      0         
         3628      0         
         3630      0.00109889
         3632      0.000269024
         3634      0         
         3636      -0.00432091
         3638      -0.0198189
         3640      -0.0315476
         3642      -0.0450532
         3644      -0.0583731
         3646      -0.0684253
         3648      -0.0712044
         3650      -0.0623257
         3652      -0.0379084
         3654      -0.0375691
         3656      0         
         3658      0         
         3660      0.073555  
         3662      0.0834766 
         3664      0.0859242 
         3666      0.081259  
         3668      0.0659227 
         3670      0.125868  
         3672      0.214877  
         3674      0.16092   
         3676      0.0495973 
         3678      0.0128968 
         3680      0         
         3682      -0.0230449
         3684      -0.0486963
         3686      -0.0599239
         3688      -0.0617867
         3690      -0.0570398
         3692      -0.05785  
         3694      -0.0752571
         3696      -0.045144 
         3698      -0.0248266
         3700      -0.0326598
         3702      -0.0361828
         3704      -0.0305999
         3706      -0.0189616
         3708      0         
         3710      0.0117312 
         3712      0.0552298 
         3714      0.110626  
         3716      0.0703118 
         3718      0.0325889 
         3720      0.0476712 
         3722      0.0503422 
         3724      0.0482144 
         3726      0.0434109 
         3728      0.0365442 
         3730      0.0253935 
         3732      0         
         3734      -0.0210916
         3736      -0.0411605
         3738      -0.0800881
         3740      -0.12694  
         3742      -0.1767   
         3744      -0.22173  
         3746      -0.243712 
         3748      -0.213612 
         3750      -0.160509 
         3752      -0.0850491
         3754      -0.0173407
         3756      0.0131758 
         3758      0.0367946 
         3760      0.037114  
         3762      0.0518388 
         3764      0.0819031 
         3766      0.105776  
         3768      0.099587  
         3770      0.0732241 
         3772      0.0480095 
         3774      0.0268144 
         3776      0.0109706 
         3778      0         
         3780      0         
         3782      0         
         3784      0         
         3786      -0.00640122
         3788      -0.00481554
         3790      0         
         3792      0         
         3794      0         
         3796      0         
         3798      0         
         3800      0         
         3802      0         
         3804      0         
         3806      0         
         3808      0         
         3810      0         
         3812      0         
         3814      0         
         3816      0         
         3818      0         
         3820      0         
         3822      0         
         3824      0         
         3826      0         
         3828      0         
         3830      0         
         3832      0         
         3834      0         
         3836      0         
         3838      0         
         3840      0         
         3842      0         
         3844      0         
         3846      0         
         3848      0         
         3850      0         
         3852      0         
         3854      0         
         3856      0         
         3858      0         
         3860      0         
         3862      0         
         3864      0         
         3866      0         
         3868      0         
         3870      0         
         3872      0         
         3874      0         
         3876      0         
         3878      0         
         3880      0         
         3882      0         
         3884      0         
         3886      0         
         3888      0         
         3890      0         
         3892      0         
         3894      0         
         3896      0         
         3898      0         
         3900      0         
         3902      0         
         3904      0         
         3906      0         
         3908      0         
         3910      0         
         3912      0         
         3914      0         
         3916      0         
         3918      0         
         3920      0         
         3922      0         
         3924      0         
         3926      0         
         3928      0         
         3930      0         
         3932      0         
         3934      0         
         3936      0         
         3938      0         
         3940      0         
         3942      0         
         3944      0         
         3946      0         
         3948      0         
         3950      0         
         3952      0         
         3954      0         
         3956      0         
         3958      0         
         3960      0         
         3962      0         
         3964      0         
         3966      0         
         3968      0         
         3970      0         
         3972      0         
         3974      0         
         3976      0         
         3978      0         
         3980      0         
         3982      0         
         3984      0         
         3986      0         
         3988      0         
         3990      0         
         3992      0         
         3994      0         
         3996      0         
         3998      0         
         4000      0         
         4002      0         
         4004      0         
         4006      0         
         4008      0         
         4010      0         
         4012      0         
         4014      0         
         4016      0         
         4018      0         
         4020      0         
         4022      0         
         4024      0         
         4026      0         
         4028      0         
         4030      0         
         4032      -0.00389466
         4034      -0.00685949
         4036      -0.00684393
         4038      0         
         4040      0         
         4042      0         
         4044      0         
         4046      0         
         4048      0         
         4050      0.0184174 
         4052      0.0195083 
         4054      0.0219357 
         4056      0.027562  
         4058      0.0341757 
         4060      0.0168233 
         4062      0         
         4064      -0.00430157
         4066      -0.0087193
         4068      -0.0149497
         4070      -0.022799 
         4072      -0.0620217
         4074      -0.0956316
         4076      -0.0856555
         4078      -0.0623939
         4080      -0.0356535
         4082      0         
         4084      0         
         4086      0.0286812 
         4088      0.0391685 
         4090      0.0527861 
         4092      0.117224  
         4094      0.139498  
         4096      0.0925102 
         4098      0.0159276 
         4100      0.00385569
         4102      0         
         4104      0         
         4106      -0.0551637
         4108      -0.131487 
         4110      -0.138681 
         4112      -0.130481 
         4114      -0.108958 
         4116      -0.0842737
         4118      -0.0560509
         4120      0         
         4122      0         
         4124      0         
         4126      0         
         4128      0.00903602
         4130      0.0127905 
         4132      0.011385  
         4134      0.00900894
         4136      0.00645234
         4138      0.00419187
         4140      0.00244093
         4142      0         
         4144      0         
         4146      0         
         4148      0         
         4150      0         
         4152      0         
         4154      0         
         4156      0         
         4158      0         
         4160      0         
         4162      0         
         4164      0         
         4166      0         
         4168      0         
         4170      0         
         4172      0         
         4174      0         
         4176      0         
         4178      0         
         4180      0         
         4182      0         
         4184      0         
         4186      0         
         4188      0         
         4190      0         
         4192      0         
         4194      0         
         4196      0         
         4198      0         
         4200      0         
         4202      0         
         4204      0         
         4206      0         
         4208      0         
         4210      0         
         4212      0         
         4214      0         
         4216      0         
         4218      0         
         4220      0         
         4222      0         
         4224      0         
         4226      0         
         4228      0         
         4230      0         
         4232      0         
         4234      0         
         4236      0         
         4238      0         
         4240      0         
         4242      0         
         4244      0         
         4246      0         
         4248      0         
         4250      -0.00734885
         4252      -0.00747082
         4254      -0.00517264
         4256      -0.0010902
         4258      0.00731699
         4260      0.0205243 
         4262      0.0596736 
         4264      0.0936438 
         4266      0.131251  
         4268      0.166729  
         4270      0.191932  
         4272      0.197246  
         4274      0.173238  
         4276      0.120368  
         4278      0.0492347 
         4280      -0.0748418
         4282      -0.20806  
         4284      -0.353006 
         4286      -0.490837 
         4288      -0.600553 
         4290      -0.662846 
         4292      -0.664099 
         4294      -0.610871 
         4296      -0.474808 
         4298      -0.29782  
         4300      -0.10618  
         4302      0.024099  
         4304      0.200569  
         4306      0.336649  
         4308      0.385969  
         4310      0.384577  
         4312      0.340062  
         4314      0.298744  
         4316      0.218485  
         4318      0.147423  
         4320      0.0998964 
         4322      0.0790595 
         4324      0.0438447 
         4326      0.00464577
         4328      0.00308513
         4330      -0.00287698
         4332      -0.008361 
         4334      0         
         4336      -0.0104359
         4338      -0.0195147
         4340      -0.0158837
         4342      -0.0449416
         4344      -0.0949697
         4346      -0.089369 
         4348      -0.0715937
         4350      -0.0518845
         4352      -0.034929 
         4354      -0.0477718
         4356      -0.0592223
         4358      -0.0298681
         4360      0         
         4362      0         
         4364      0.0481691 
         4366      0.0504182 
         4368      0.113346  
         4370      0.158636  
         4372      0.14947   
         4374      0.121429  
         4376      0.0773183 
         4378      0.0211272 
         4380      0.00443543
         4382      0         
         4384      0         
         4386      -0.00695767
         4388      -0.0721773
         4390      -0.0912671
         4392      -0.0675906
         4394      -0.0287789
         4396      0         
         4398      0         
         4400      0         
         4402      0         
         4404      0         
         4406      0         
         4408      0.00832326
         4410      0.0847864 
         4412      0.0521925 
         4414      0.0170129 
         4416      0         
         4418      0         
         4420      0         
         4422      -0.0109305
         4424      -0.00335794
         4426      -0.00585839
         4428      -0.00633554
         4430      -0.00563074
         4432      -0.00440764
         4434      -0.00311338
         4436      0         
         4438      0         
         4440      0         
         4442      0         
         4444      0.00151245
         4446      0         
         4448      0         
         4450      0         
         4452      0         
         4454      0         
         4456      0         
         4458      0         
         4460      0         
         4462      0         
         4464      0         
         4466      0         
         4468      0         
         4470      0         
         4472      0         
         4474      0         
         4476      0         
         4478      0         
         4480      0         
         4482      0         
         4484      0         
         4486      0         
         4488      0         
         4490      0         
         4492      0         
         4494      0         
         4496      0         
         4498      0         
         4500      0         
         4502      0         
         4504      0         
         4506      0         
         4508      -0.00491248
         4510      -0.00588585
         4512      -0.00592623
         4514      -0.00481893
         4516      0         
         4518      0.00359671
         4520      0.0131375 
         4522      0.0242826 
         4524      0.0228907 
         4526      0.0646535 
         4528      0.112794  
         4530      0.127973  
         4532      0.129743  
         4534      0.112713  
         4536      0.133721  
         4538      0.162465  
         4540      0.0875598 
         4542      0         
         4544      -0.146607 
         4546      -0.247518 
         4548      -0.362719 
         4550      -0.404821 
         4552      -0.385654 
         4554      -0.330046 
         4556      -0.289738 
         4558      -0.274923 
         4560      -0.154074 
         4562      -0.0255332
         4564      0.0356191 
         4566      0.106732  
         4568      0.144855  
         4570      0.175124  
         4572      0.16179   
         4574      0.125575  
         4576      0.0858529 
         4578      0.0603577 
         4580      0.0459745 
         4582      0.0297732 
         4584      0.0217157 
         4586      0.0276058 
         4588      0.0454744 
         4590      0.0715507 
         4592      0.101433  
         4594      0.132596  
         4596      0.148484  
         4598      0.141314  
         4600      0.11357   
         4602      0.0616738 
         4604      0.0123189 
         4606      -0.0254574
         4608      -0.0924832
         4610      -0.175036 
         4612      -0.246307 
         4614      -0.296387 
         4616      -0.318461 
         4618      -0.310104 
         4620      -0.270081 
         4622      -0.180171 
         4624      -0.0617335
         4626      -0.00150216
         4628      0.0175602 
         4630      0.0727829 
         4632      0.107631  
         4634      0.120831  
         4636      0.11377   
         4638      0.0897726 
         4640      0.053359  
         4642      0.0368238 
         4644      -0.00932374
         4646      -0.0517021
         4648      -0.0812897
         4650      -0.0967977
         4652      -0.0985849
         4654      -0.0962532
         4656      -0.0723459
         4658      -0.0325764
         4660      -8.90598e-05
         4662      0.0257121 
         4664      0.0450481 
         4666      0.0575776 
         4668      0.0759125 
         4670      0.0761094 
         4672      0.0691437 
         4674      0.0569361 
         4676      0.0418882 
         4678      0.0263963 
         4680      0.0124444 
         4682      0.00135261
         4684      0         
         4686      0         
         4688      0         
         4690      0.00165976
         4692      0.00502259
         4694      0.00451263
         4696      0.00218413
         4698      0         
         4700      -0.010438 
         4702      -0.0372982
         4704      -0.075594 
         4706      -0.0836598
         4708      -0.0756605
         4710      -0.090217 
         4712      -0.0971662
         4714      -0.0924368
         4716      -0.0728912
         4718      -0.0372718
         4720      0         
         4722      0         
         4724      0.109481  
         4726      0.197518  
         4728      0.243307  
         4730      0.268331  
         4732      0.268365  
         4734      0.242447  
         4736      0.197356  
         4738      0.139113  
         4740      0.0769997 
         4742      0.0560602 
         4744      0         
         4746      -0.0366592
         4748      -0.0608795
         4750      -0.0580074
         4752      -0.0490068
         4754      -0.0422485
         4756      -0.0457036
         4758      -0.0581202
         4760      -0.0376661
         4762      -0.0212973
         4764      -0.00960761
         4766      -0.00219772
         4768      0         
         4770      0         
         4772      0         
         4774      0         
         4776      0         
         4778      0         
         4780      0         
         4782      0         
         4784      0         
         4786      0         
         4788      0         
         4790      0         
         4792      0         
         4794      0         
         4796      0         
         4798      0         
         4800      0         
         4802      0         
         4804      -0.00850074
         4806      -0.00667876
         4808      -0.00671755
         4810      -0.00450148
         4812      0         
         4814      0.0030484 
         4816      0.042466  
         4818      0.0777492 
         4820      0.1182    
         4822      0.160979  
         4824      0.153251  
         4826      0.175685  
         4828      0.179574  
         4830      0.156315  
         4832      0.099564  
         4834      0.0247643 
         4836      -0.0738977
         4838      -0.195246 
         4840      -0.326564 
         4842      -0.450642 
         4844      -0.548427 
         4846      -0.602537 
         4848      -0.600877 
         4850      -0.539476 
         4852      -0.420876 
         4854      -0.268059 
         4856      -0.0928029
         4858      0.0287946 
         4860      0.137114  
         4862      0.256092  
         4864      0.33177   
         4866      0.380926  
         4868      0.339123  
         4870      0.274048  
         4872      0.199498  
         4874      0.127283  
         4876      0.0657351 
         4878      0.0192388 
         4880      -0.000520378
         4882      -0.0146777
         4884      -0.0189716
         4886      -0.0261101
         4888      -0.0266065
         4890      -0.0198758
         4892      -0.0134747
         4894      -0.00825641
         4896      0         
         4898      0         
         4900      0         
         4902      0         
         4904      0         
         4906      0         
         4908      0         
         4910      -0.000119441
         4912      0         
         4914      0         
         4916      0         
         4918      0         
         4920      0         
         4922      0         
         4924      0         
         4926      0         
         4928      0         
         4930      0         
         4932      0         
         4934      0         
         4936      0         
         4938      0         
         4940      0         
         4942      0         
         4944      0         
         4946      0         
         4948      0         
         4950      0         
         4952      0         
         4954      0         
         4956      0         
         4958      0         
         4960      0         
         4962      0         
         4964      0         
         4966      0         
         4968      0         
         4970      0.00904453
         4972      0.0293441 
         4974      0.0211132 
         4976      0         
         4978      0         
         4980      0         
         4982      0         
         4984      -0.0373803
         4986      -0.0782892
         4988      -0.119704 
         4990      -0.15578  
         4992      -0.169959 
         4994      -0.183942 
         4996      -0.115909 
         4998      -0.0426737
         5000      0         
         