         1400      -1.34356  
         1402      -0.859571 
         1404      -0.232855 
         1406      0.463154  
         1408      1.13966   
         1410      1.70848   
         1412      2.05512   
         1414      2.16762   
         1416      2.13935   
         1418      1.94134   
         1420      1.55944   
         1422      1.09086   
         1424      0.619573  
         1426      0.203292  
         1428      -0.119803 
         1430      -0.333569 
         1432      -0.416088 
         1434      -0.468835 
         1436      -0.418509 
         1438      -0.344244 
         1440      -0.255531 
         1442      -0.171476 
         1444      -0.101909 
         1446      -0.0505914
         1448      -0.0169103
         1450      0         
         1452      0.00924715
         1454      0         
         1456      0         
         1458      0         
         1460      0         
         1462      0         
         1464      0         
         1466      0         
         1468      0         
         1470      0         
         1472      0         
         1474      0         
         1476      0         
         1478      0         
         1480      0         
         1482      0         
         1484      0         
         1486      0         
         1488      0         
         1490      0         
         1492      0         
         1494      0         
         1496      0         
         1498      0         
         1500      0         
         1502      0         
         1504      0         
         1506      0         
         1508      0         
         1510      0.0356918 
         1512      0.0674088 
         1514      0.111272  
         1516      0.16432   
         1518      0.212645  
         1520      0.239744  
         1522      0.228843  
         1524      0.156079  
         1526      0.0426437 
         1528      -0.0684449
         1530      -0.393105 
         1532      -0.822565 
         1534      -1.32783  
         1536      -1.84869  
         1538      -2.30533  
         1540      -2.52846  
         1542      -2.40997  
         1544      -1.97941  
         1546      -1.24355  
         1548      -0.517542 
         1550      0.0990675 
         1552      1.13414   
         1554      2.17622   
         1556      3.01957   
         1558      3.55358   
         1560      3.72256   
         1562      3.47835   
         1564      2.7966    
         1566      1.96388   
         1568      1.23775   
         1570      0.51741   
         1572      0         
         1574      -0.391048 
         1576      -0.686221 
         1578      -0.810874 
         1580      -0.812212 
         1582      -0.712666 
         1584      -0.553649 
         1586      -0.394375 
         1588      -0.250278 
         1590      -0.13704  
         1592      -0.0576499
         1594      -0.00126849
         1596      0.0139967 
         1598      0.0261154 
         1600      0         
         1602      0         
         1604      0         
         1606      0         
         1608      0         
         1610      0         
         1612      0         
         1614      0         
         1616      0         
         1618      0         
         1620      0         
         1622      0         
         1624      0         
         1626      0         
         1628      0         
         1630      0.0208214 
         1632      0.0704787 
         1634      0.149242  
         1636      0.260155  
         1638      0.399647  
         1640      0.552873  
         1642      0.650032  
         1644      0.684266  
         1646      0.683555  
         1648      0.610505  
         1650      0.280952  
         1652      -0.278629 
         1654      -1.03514  
         1656      -1.931    
         1658      -2.86618  
         1660      -3.70859  
         1662      -4.31446  
         1664      -4.25263  
         1666      -4.2683   
         1668      -3.63998  
         1670      -2.53564  
         1672      -1.14368  
         1674      0.357134  
         1676      1.76874   
         1678      2.90948   
         1680      3.64589   
         1682      3.8646    
         1684      3.7246    
         1686      3.15727   
         1688      2.33828   
         1690      1.41587   
         1692      0.533873  
         1694      -0.189831 
         1696      -0.521023 
         1698      -0.639511 
         1700      -0.403477 
         1702      -0.439957 
         1704      -0.21829  
         1706      0.229923  
         1708      0.657256  
         1710      0.997667  
         1712      1.20668   
         1714      1.18941   
         1716      0.924899  
         1718      0.55538   
         1720      0.183355  
         1722      0         
         1724      0         
         1726      -0.115989 
         1728      -0.326361 
         1730      -0.398821 
         1732      -0.39248  
         1734      -0.33084  
         1736      -0.258459 
         1738      -0.174592 
         1740      -0.0923704
         1742      -0.0389638
         1744      -0.00441143
         1746      0         
         1748      0.00273739
         1750      0.0138243 
         1752      0.0149092 
         1754      0         
         1756      0         
         1758      0         
         1760      0         
         1762      0         
         1764      0         
         1766      0         
         1768      0         
         1770      0         
         1772      0         
         1774      0         
         1776      0         
         1778      0         
         1780      0         
         1782      0         
         1784      0         
         1786      0         
         1788      0         
         1790      0         
         1792      0         
         1794      0         
         1796      0         
         1798      0         
         1800      0         
         1802      0         
         1804      0         
         1806      0         
         1808      0         
         1810      0         
         1812      0         
         1814      0         
         1816      0         
         1818      0         
         1820      0         
         1822      0         
         1824      0         
         1826      0         
         1828      0         
         1830      0         
         1832      0         
         1834      0         
         1836      0         
         1838      0         
         1840      0         
         1842      0         
         1844      -0.0358488
         1846      -0.0393671
         1848      -0.0371652
         1850      -0.0146624
         1852      0.0254225 
         1854      0.10629   
         1856      0.23362   
         1858      0.389735  
         1860      0.566496  
         1862      0.74338   
         1864      0.885444  
         1866      0.949477  
         1868      0.890769  
         1870      0.672732  
         1872      0.277618  
         1874      -0.127871 
         1876      -0.829544 
         1878      -1.66281  
         1880      -2.38951  
         1882      -2.92509  
         1884      -3.22064  
         1886      -3.21842  
         1888      -2.90553  
         1890      -2.31809  
         1892      -1.57916  
         1894      -0.985857 
         1896      -0.0507582
         1898      0.70332   
         1900      1.32355   
         1902      1.66052   
         1904      1.69742   
         1906      1.72215   
         1908      1.50322   
         1910      1.16833   
         1912      0.814202  
         1914      0.470907  
         1916      0.193855  
         1918      -0.00272798
         1920      -0.0970747
         1922      -0.226899 
         1924      -0.264107 
         1926      -0.251878 
         1928      -0.197479 
         1930      -0.103622 
         1932      0.0155935 
         1934      0.236764  
         1936      0.460132  
         1938      0.705753  
         1940      0.947594  
         1942      1.14091   
         1944      1.14962   
         1946      1.10723   
         1948      0.842256  
         1950      0.474183  
         1952      0.0470258 
         1954      -0.236853 
         1956      -0.708928 
         1958      -1.16632  
         1960      -1.21205  
         1962      -1.23284  
         1964      -1.13859  
         1966      -0.954087 
         1968      -0.75909  
         1970      -0.579994 
         1972      -0.461033 
         1974      -0.429028 
         1976      -0.511442 
         1978      -0.576889 
         1980      -0.738201 
         1982      -0.819711 
         1984      -0.769194 
         1986      -0.586793 
         1988      -0.0411657
         1990      0.865257  
         1992      2.09646   
         1994      3.55949   
         1996      5.0869    
         1998      6.39701   
         2000      7.34355   
         2002      7.71642   
         2004      7.22113   
         2006      5.87831   
         2008      3.78083   
         2010      1.15362   
         2012      -1.68     
         2014      -4.35489  
         2016      -6.53074  
         2018      -7.95374  
         2020      -8.48222  
         2022      -8.08787  
         2024      -7.15307  
         2026      -5.63978  
         2028      -3.91215  
         2030      -2.22282  
         2032      -0.768533 
         2034      0.331782  
         2036      1.03968   
         2038      1.38398   
         2040      1.43812   
         2042      1.29528   
         2044      1.03559   
         2046      0.76749   
         2048      0.509084  
         2050      0.299719  
         2052      0.14835   
         2054      0.0509077 
         2056      -0.00352778
         2058      0         
         2060      0         
         2062      0         
         2064      0         
         2066      0         
         2068      0         
         2070      0         
         2072      0         
         2074      0         
         2076      0         
         2078      0         
         2080      0         
         2082      0         
         2084      0         
         2086      0         
         2088      0         
         2090      0         
         2092      0.00423678
         2094      0.0344957 
         2096      0.0851704 
         2098      0.0729835 
         2100      0         
         2102      0         
         2104      0         
         2106      0         
         2108      0         
         2110      0         
         2112      0         
         2114      0         
         2116      -0.469679 
         2118      -1.07328  
         2120      -1.70553  
         2122      -2.06286  
         2124      -2.39636  
         2126      -2.60762  
         2128      -2.53259  
         2130      -2.14824  
         2132      -1.55237  
         2134      -0.816179 
         2136      -0.0179975
         2138      0.532388  
         2140      1.25317   
         2142      1.62711   
         2144      1.7924    
         2146      1.77792   
         2148      1.64041   
         2150      1.44795   
         2152      1.28011   
         2154      0.860374  
         2156      0.396655  
         2158      0.122372  
         2160      0         
         2162      0         
         2164      0         
         2166      0         
         2168      0         
         2170      -0.190818 
         2172      -0.144172 
         2174      -0.0906895
         2176      -0.0507835
         2178      -0.0236371
         2180      0         
         2182      0         
         2184      0         
         2186      0         
         2188      0         
         2190      0         
         2192      0         
         2194      0         
         2196      0         
         2198      0         
         2200      0       